13
499 117 433 353 91 445 83 461 219 53 161 0
189 221 871 583 110 101 119 901 177 356 998 284 344 0
66 482 153 53 86 74 406 176 0
3965 7178 908 9088 4183 0
3854 2403 2523 4733 3205 3471 3745 4616 6319 0
871 6194 8071 1924 5705 2321 2763 7072 3497 0
225 42 230 449 71 2 0
3038 2463 3580 204 733 1086 0
3394 1002 277 2739 1437 3373 2678 2398 2129 3838 0
373 53 604 821 137 39 694 277 42 828 872 801 419 743 852 0
4995 3666 13410 9000 4770 7980 14745 1877 2307 7953 10393 0
18 453 471 622 249 0
3767 3535 2804 2979 2925 1911 557 1798 1221 2965 1757 0