24
-9182028 -7255499 1156211
-7261576 -3670973 6436820
-8319896 -5076685 513174
-9450352 1125886 4451974
-7932048 -4458192 1905604
-5888977 -9942272 -7575080
-9043042 4754128 4173443
-292142 4001514 -9376782
-7784796 -7321747 8743364
-6778075 3106396 -8172142
1333104 3924368 -5427642
-7510684 6662792 901384
8926135 8342895 5824698
-560690 8892542 -3049415
-6108716 -9039505 2492392
5796887 -4928482 2550120
8221807 -3971525 -2695752
2395250 5736332 -8694238
3018468 7951536 -6015985
1761833 -8826538 7090411
3589690 2506566 1014780
8162047 4995881 -2322428
-936568 3922017 -3979532
-5111870 -6638673 -5086989